laserMapping:
  ros__parameters:
    laserMapping.cam_model: "Pinhole"
    laserMapping.cam_width: 752
    laserMapping.cam_height: 480
    laserMapping.scale: 1.0
    laserMapping.cam_fx: 4.250258563372763e+02
    laserMapping.cam_fy: 4.267976260903337e+02
    laserMapping.cam_cx: 3.860151866550880e+02
    laserMapping.cam_cy: 2.419130336743440e+02
    laserMapping.cam_d0: -0.288105327549552
    laserMapping.cam_d1: 0.074578284234601
    laserMapping.cam_d2: 7.784489598138802e-04
    laserMapping.cam_d3: -2.277853975035461e-04